
1000 0.000000 0.000001 0.000001 0.000006 0.000021
2000 0.000000 0.000001 0.000001 0.000006 0.000021
3000 0.000000 0.000001 0.000001 0.000006 0.000022
4000 0.000000 0.000001 0.000001 0.000006 0.000022
5000 0.000000 0.000001 0.000001 0.000006 0.000022
6000 0.000000 0.000001 0.000001 0.000006 0.000022
7000 0.000000 0.000001 0.000001 0.000006 0.000022
8000 0.000000 0.000001 0.000001 0.000006 0.000021
9000 0.000000 0.000001 0.000001 0.000006 0.000021
10000 0.000000 0.000001 0.000001 0.000006 0.000021
11000 0.000000 0.000001 0.000001 0.000006 0.000021
12000 0.000000 0.000001 0.000001 0.000006 0.000021
13000 0.000000 0.000001 0.000001 0.000006 0.000021
14000 0.000000 0.000001 0.000001 0.000006 0.000021
15000 0.000000 0.000001 0.000001 0.000006 0.000021
16000 0.000000 0.000001 0.000001 0.000006 0.000021
17000 0.000000 0.000001 0.000001 0.000006 0.000021
18000 0.000000 0.000001 0.000001 0.000006 0.000021
19000 0.000000 0.000001 0.000001 0.000006 0.000021
20000 0.000000 0.000001 0.000001 0.000006 0.000021
21000 0.000000 0.000001 0.000001 0.000006 0.000021
22000 0.000000 0.000001 0.000001 0.000006 0.000021
23000 0.000000 0.000001 0.000001 0.000006 0.000021
24000 0.000000 0.000001 0.000001 0.000006 0.000021
25000 0.000000 0.000001 0.000001 0.000006 0.000021
26000 0.000000 0.000001 0.000001 0.000006 0.000021
27000 0.000000 0.000001 0.000001 0.000006 0.000021
28000 0.000000 0.000001 0.000001 0.000006 0.000021
29000 0.000000 0.000001 0.000001 0.000006 0.000021
30000 0.000000 0.000001 0.000001 0.000006 0.000021
31000 0.000000 0.000001 0.000001 0.000006 0.000021
32000 0.000000 0.000001 0.000001 0.000006 0.000021
33000 0.000000 0.000001 0.000001 0.000006 0.000021
34000 0.000000 0.000001 0.000001 0.000006 0.000021
35000 0.000000 0.000001 0.000001 0.000006 0.000021
36000 0.000000 0.000001 0.000001 0.000006 0.000021
37000 0.000000 0.000001 0.000001 0.000006 0.000021
38000 0.000000 0.000001 0.000001 0.000006 0.000021
39000 0.000000 0.000001 0.000001 0.000006 0.000021
40000 0.000000 0.000001 0.000001 0.000006 0.000021
41000 0.000000 0.000001 0.000001 0.000006 0.000021
42000 0.000000 0.000001 0.000001 0.000006 0.000021
43000 0.000000 0.000001 0.000001 0.000006 0.000021
44000 0.000000 0.000001 0.000001 0.000006 0.000021
45000 0.000000 0.000001 0.000001 0.000006 0.000021
46000 0.000000 0.000001 0.000001 0.000006 0.000021
47000 0.000000 0.000001 0.000001 0.000006 0.000021
48000 0.000000 0.000001 0.000001 0.000006 0.000021
49000 0.000000 0.000001 0.000001 0.000006 0.000021
50000 0.000000 0.000001 0.000001 0.000006 0.000021
51000 0.000000 0.000001 0.000001 0.000006 0.000021
52000 0.000000 0.000001 0.000001 0.000006 0.000021
53000 0.000000 0.000001 0.000001 0.000006 0.000021
54000 0.000000 0.000001 0.000001 0.000006 0.000021
55000 0.000000 0.000001 0.000001 0.000006 0.000022
56000 0.000000 0.000001 0.000001 0.000006 0.000022
57000 0.000000 0.000001 0.000001 0.000006 0.000021
58000 0.000000 0.000001 0.000001 0.000006 0.000021
59000 0.000000 0.000001 0.000001 0.000006 0.000022
60000 0.000000 0.000001 0.000001 0.000006 0.000021
61000 0.000000 0.000001 0.000001 0.000006 0.000022
62000 0.000000 0.000001 0.000001 0.000006 0.000021
63000 0.000000 0.000001 0.000001 0.000006 0.000021
64000 0.000000 0.000001 0.000001 0.000006 0.000022
65000 0.000000 0.000001 0.000001 0.000006 0.000022
66000 0.000000 0.000001 0.000001 0.000006 0.000022
67000 0.000000 0.000001 0.000001 0.000006 0.000021
68000 0.000000 0.000001 0.000001 0.000006 0.000022
69000 0.000000 0.000001 0.000001 0.000006 0.000022
70000 0.000000 0.000001 0.000001 0.000006 0.000021
71000 0.000000 0.000001 0.000001 0.000006 0.000021
72000 0.000000 0.000001 0.000001 0.000006 0.000021
73000 0.000000 0.000001 0.000001 0.000006 0.000022
74000 0.000000 0.000001 0.000001 0.000006 0.000022
75000 0.000000 0.000001 0.000001 0.000006 0.000022
76000 0.000000 0.000001 0.000001 0.000006 0.000021
77000 0.000000 0.000001 0.000001 0.000006 0.000021
78000 0.000000 0.000001 0.000001 0.000006 0.000022
79000 0.000000 0.000001 0.000001 0.000006 0.000022
80000 0.000000 0.000001 0.000001 0.000006 0.000021
81000 0.000000 0.000001 0.000001 0.000006 0.000022
82000 0.000000 0.000001 0.000001 0.000006 0.000022
83000 0.000000 0.000001 0.000001 0.000006 0.000021
84000 0.000000 0.000001 0.000001 0.000006 0.000022
85000 0.000000 0.000001 0.000001 0.000006 0.000021
86000 0.000000 0.000001 0.000001 0.000006 0.000022
87000 0.000000 0.000001 0.000001 0.000006 0.000022
88000 0.000000 0.000001 0.000001 0.000006 0.000022
89000 0.000000 0.000001 0.000001 0.000006 0.000022
90000 0.000000 0.000001 0.000001 0.000006 0.000022
91000 0.000000 0.000001 0.000001 0.000006 0.000022
92000 0.000000 0.000001 0.000001 0.000006 0.000022
93000 0.000000 0.000001 0.000001 0.000006 0.000022
94000 0.000000 0.000001 0.000001 0.000006 0.000022
95000 0.000000 0.000001 0.000001 0.000006 0.000021
96000 0.000000 0.000001 0.000001 0.000006 0.000022
97000 0.000000 0.000001 0.000001 0.000006 0.000021
98000 0.000000 0.000001 0.000001 0.000006 0.000022
99000 0.000000 0.000001 0.000001 0.000006 0.000021
100000 0.000000 0.000001 0.000001 0.000006 0.000022
