1000 18446744073.715000153 18446744073.717998505
2000 18446744073.721000671 18446744073.726001740
3000 18446744073.722999573 18446744073.728000641
4000 18446744073.723999023 18446744073.733001709
5000 18446744073.727001190 18446744073.740001678
6000 18446744073.733001709 18446744073.750000000
7000 18446744073.738998413 18446744073.759998322
8000 18446744073.744998932 18446744073.770999908
9000 18446744073.751998901 18446744073.782001495
10000 18446744073.758998871 18446744073.791999817
1000 18446744073.715000153 18446744073.716999054
2000 18446744073.719001770 18446744073.724998474
3000 18446744073.721000671 18446744073.727001190
4000 18446744073.722999573 18446744073.731998444
5000 18446744073.727001190 18446744073.740001678
6000 18446744073.735000610 18446744073.751998901
7000 18446744073.741001129 18446744073.759998322
8000 18446744073.745998383 18446744073.770999908
9000 18446744073.754001617 18446744073.782001495
10000 18446744073.759998322 18446744073.792999268
1000 18446744073.712001801 18446744073.713001251
2000 18446744073.715999603 18446744073.722999573
3000 18446744073.720001221 18446744073.726001740
4000 18446744073.722999573 18446744073.731998444
5000 18446744073.727001190 18446744073.740001678
6000 18446744073.733001709 18446744073.750000000
7000 18446744073.741001129 18446744073.759998322
8000 18446744073.744998932 18446744073.770999908
9000 18446744073.755001068 18446744073.782001495
10000 18446744073.758998871 18446744073.791999817
