1000 18446744073.708999634 18446744073.708999634
2000 18446744073.709999084 18446744073.708999634
3000 18446744073.709999084 18446744073.708000183
4000 18446744073.709999084 18446744073.708999634
5000 18446744073.709999084 18446744073.708999634
6000 18446744073.709999084 18446744073.708000183
7000 18446744073.709999084 18446744073.708999634
8000 18446744073.710998535 18446744073.708000183
9000 18446744073.710998535 18446744073.708999634
10000 18446744073.712001801 18446744073.708999634
1000 18446744073.709999084 18446744073.708000183
2000 18446744073.708999634 18446744073.708000183
3000 18446744073.708999634 18446744073.708000183
4000 18446744073.709999084 18446744073.708999634
5000 18446744073.709999084 18446744073.708000183
6000 18446744073.710998535 18446744073.708999634
7000 18446744073.710998535 18446744073.708000183
8000 18446744073.710998535 18446744073.708999634
9000 18446744073.712001801 18446744073.708000183
10000 18446744073.712001801 18446744073.708999634
1000 18446744073.708999634 18446744073.708999634
2000 18446744073.708999634 18446744073.708999634
3000 18446744073.708999634 18446744073.708999634
4000 18446744073.708999634 18446744073.708999634
5000 18446744073.709999084 18446744073.708000183
6000 18446744073.712001801 18446744073.708000183
7000 18446744073.710998535 18446744073.708000183
8000 18446744073.710998535 18446744073.708000183
9000 18446744073.710998535 18446744073.708999634
10000 18446744073.710998535 18446744073.708000183
