1000   0.0021486282348632812   0.013612508773803711   0.15570759773254395   0.13378310203552246
2000   0.004857301712036133   0.045635223388671875   0.20013856887817383   0.2669045925140381
3000   0.008266687393188477   0.09797215461730957   0.26750659942626953   0.33651232719421387
4000   0.009718894958496094   0.14255404472351074   0.3470463752746582   0.4568777084350586
5000   0.012924432754516602   0.22037887573242188   0.43046140670776367   0.5698256492614746
6000   0.01615428924560547   0.31452345848083496   0.5187880992889404   0.6854760646820068
7000   0.01890850067138672   0.4241042137145996   0.6164603233337402   0.8104298114776611
8000   0.02267765998840332   0.552487850189209   0.7040703296661377   0.93023681640625
9000   0.02681875228881836   0.6939215660095215   0.7980449199676514   1.0497798919677734
10000   0.03139495849609375   0.856687068939209   0.9107306003570557   1.1524810791015625
11000   0.035416364669799805   1.0345909595489502   0.9711451530456543   1.2770600318908691
12000   0.04000234603881836   1.2327580451965332   1.091629981994629   1.3854074478149414
13000   0.04380536079406738   1.446150541305542   1.156327486038208   1.5155916213989258
14000   0.04896879196166992   1.6691925525665283   1.2553503513336182   1.6361870765686035
15000   0.05185365676879883   1.9215772151947021   1.371382474899292   1.7592358589172363
16000   0.05533576011657715   2.4098939895629883   1.4858393669128418   2.1390857696533203
17000   0.06278085708618164   2.4532017707824707   1.5424647331237793   1.9950032234191895
18000   0.06733417510986328   2.734849691390991   1.6377637386322021   2.124570369720459
19000   0.07310819625854492   3.0474960803985596   1.7194359302520752   2.2340869903564453
20000   0.07793188095092773   3.383653163909912   1.802706003189087   2.3378231525421143
21000   0.08249831199645996   3.7154552936553955   1.9282147884368896   2.4439940452575684
22000   0.08860397338867188   4.0873777866363525   2.0194883346557617   2.5708084106445312
23000   0.09422779083251953   4.591582775115967   2.0865321159362793   2.6907737255096436
24000   0.10041570663452148   4.871119499206543   2.169248580932617   2.811082601547241
25000   0.10605883598327637   5.30538272857666   2.2751221656799316   2.9444684982299805
26000   0.10960531234741211   5.703723669052124   2.3738269805908203   3.101360321044922
27000   0.11392521858215332   6.142696142196655   2.4753079414367676   3.1813066005706787
28000   0.11877012252807617   6.611572027206421   2.8140721321105957   3.31015944480896
29000   0.12276148796081543   7.1083972454071045   2.6543843746185303   3.4590094089508057
30000   0.12945008277893066   7.612191438674927   2.7575690746307373   3.5660431385040283
31000   0.13469147682189941   8.113176345825195   2.845510721206665   3.6791915893554688
32000   0.1380765438079834   8.696725606918335   3.158937454223633   3.8616819381713867
33000   0.1489391326904297   9.221383333206177   3.049837589263916   3.994008779525757
34000   0.15503406524658203   9.808545112609863   3.1844100952148438   4.10086464881897
35000   0.16203570365905762   10.38545846939087   3.2424137592315674   4.246568441390991
36000   0.1675262451171875   11.144858360290527   3.356846809387207   4.3665876388549805
37000   0.17322206497192383   11.682935953140259   3.4688141345977783   4.452857732772827
38000   0.1801755428314209   12.208341836929321   3.5883686542510986   4.565733194351196
39000   0.1862804889678955   12.983755111694336   3.6297950744628906   4.639365911483765
40000   0.19277572631835938   13.530197858810425   3.694857120513916   4.80419921875
41000   0.19814348220825195   14.182160139083862   3.7851688861846924   5.18402624130249
42000   0.2032327651977539   14.865919589996338   3.8916399478912354   5.054221153259277
43000   0.2104942798614502   15.570422887802124   3.993243455886841   5.185656785964966
44000   0.2198498249053955   16.457359790802002   4.096557140350342   5.325736045837402
45000   0.22591471672058105   17.033427476882935   4.189236402511597   5.421692371368408
46000   0.23250555992126465   17.814314603805542   4.324839115142822   5.740149021148682
47000   0.24001264572143555   18.62582516670227   4.415567636489868   5.651716947555542
48000   0.24743223190307617   19.43569850921631   4.495675086975098   5.783958911895752
49000   0.2554152011871338   20.397998332977295   4.553701162338257   5.926008462905884
50000   0.2626340389251709   21.06559658050537   4.708708047866821   6.0170369148254395
51000   0.26642942428588867   21.985329627990723   4.769832611083984   6.188008785247803
52000   0.2708728313446045   22.904348134994507   4.857656002044678   6.301955461502075
53000   0.2756361961364746   23.58572244644165   4.994008541107178   6.447371244430542
54000   0.28118896484375   24.73671007156372   5.067079782485962   6.567288875579834
55000   0.28743481636047363   25.463016033172607   5.390651702880859   6.702762603759766
56000   0.29166722297668457   26.329283952713013   5.290766477584839   6.759743690490723
57000   0.29996418952941895   27.427001237869263   5.334237098693848   6.945716381072998
58000   0.3063085079193115   28.399840593338013   5.4811906814575195   7.057978391647339
59000   0.3154327869415283   29.29343271255493   5.822425603866577   7.229303598403931
60000   0.3221747875213623   30.21054482460022   5.68666934967041   7.541178464889526
61000   0.3292114734649658   31.23686194419861   5.74867582321167   7.484735727310181
62000   0.33530688285827637   32.42844080924988   5.864496231079102   7.590274333953857
63000   0.3401463031768799   33.478299140930176   5.994492530822754   7.705779790878296
64000   0.3464992046356201   34.65159630775452   6.050800085067749   7.8554017543792725
65000   0.35314035415649414   35.61563587188721   6.16289496421814   7.97865891456604
66000   0.3704874515533447   36.883657455444336   6.263430595397949   8.125961542129517
67000   0.37955307960510254   37.91176438331604   6.39995813369751   8.249707698822021
68000   0.3848249912261963   38.97886323928833   6.511312007904053   8.363410949707031
69000   0.39251089096069336   40.22617316246033   6.6451334953308105   8.523695230484009
70000   0.4029805660247803   41.2813446521759   6.7132039070129395   8.639683485031128
71000   0.41249513626098633   42.38874173164368   7.043214321136475   8.770356893539429
72000   0.4156463146209717   43.51514172554016   7.120777368545532   8.860891342163086
73000   0.42524003982543945   44.931520223617554   7.018096685409546   8.977712392807007
74000   0.4281888008117676   46.226139307022095   7.125013828277588   9.11324167251587
75000   0.43616318702697754   47.52335071563721   7.220921277999878   9.506405353546143
76000   0.44620370864868164   48.724814653396606   7.309035539627075   9.391584873199463
77000   0.45333027839660645   49.93347978591919   7.379740953445435   9.418588161468506
78000   0.4631805419921875   51.21938896179199   7.399128675460815   9.764741897583008
79000   0.46990132331848145   52.599329710006714   7.516017198562622   9.645337581634521
80000   0.47667694091796875   53.854756355285645   7.612087965011597   10.035106182098389
81000   0.48445630073547363   55.249515533447266   7.704440593719482   9.909834384918213
82000   0.49122118949890137   56.64303684234619   7.794180631637573   10.24972152709961
83000   0.4965062141418457   58.012200355529785   7.891991138458252   10.161213397979736
84000   0.5063455104827881   59.36502408981323   8.255108118057251   10.267793416976929
85000   0.5144565105438232   60.80396747589111   8.121662616729736   10.417090654373169
86000   0.5250687599182129   62.45544767379761   8.198458194732666   10.55504035949707
87000   0.5298380851745605   63.63572406768799   8.533883571624756   10.690247058868408
88000   0.5417945384979248   65.49736428260803   8.618107080459595   10.777949094772339
89000   0.552004337310791   66.89105272293091   8.509901523590088   11.029577732086182
90000   0.5590109825134277   68.23008251190186   8.625817775726318   11.054774761199951
91000   0.5671391487121582   69.72346520423889   8.721436023712158   11.187528848648071
92000   0.5778257846832275   71.11664009094238   8.835203647613525   11.59943151473999
93000   0.586646556854248Terminated
