1000   0.002187490463256836   0.15654873847961426   0.11185646057128906
2000   0.004041194915771484   0.17029786109924316   0.2237260341644287
3000   0.00693821907043457   0.25659990310668945   0.33634233474731445
4000   0.009619474411010742   0.35027194023132324   0.4581794738769531
5000   0.012844562530517578   0.4377098083496094   0.5700926780700684
6000   0.015990018844604492   0.5301744937896729   0.691455602645874
7000   0.018748998641967773   0.6224431991577148   0.8095405101776123
8000   0.02250194549560547   0.7137236595153809   0.9334409236907959
9000   0.02675938606262207   0.8109745979309082   1.0530633926391602
10000   0.030924081802368164   0.9157400131225586   1.157543420791626
11000   0.03537583351135254   0.9851551055908203   1.281153917312622
12000   0.03977489471435547   1.354017972946167   1.3953816890716553
13000   0.04338216781616211   1.173633337020874   1.5239231586456299
14000   0.04734992980957031   1.2772941589355469   1.6423053741455078
15000   0.05123758316040039   1.3915774822235107   1.7629714012145996
16000   0.05524802207946777   1.452721357345581   1.886200189590454
17000   0.062061309814453125   1.571904182434082   2.021925687789917
18000   0.06717634201049805   1.6669554710388184   2.148135185241699
19000   0.07248592376708984   1.7601511478424072   2.2657604217529297
20000   0.07752728462219238   1.8350505828857422   2.3571884632110596
21000   0.08159327507019043   1.9526679515838623   2.4932942390441895
22000   0.08762550354003906   2.050318717956543   2.596975326538086
23000   0.09396576881408691   2.1308581829071045   2.7291061878204346
24000   0.09963488578796387   2.209714651107788   2.8487510681152344
25000   0.1055305004119873   2.3160078525543213   2.9786250591278076
26000   0.11090660095214844   2.420309543609619   3.3950469493865967
27000   0.11281085014343262   2.5383529663085938   3.2114734649658203
28000   0.11707472801208496   2.622751235961914   3.3470630645751953
29000   0.1239464282989502   2.6968114376068115   3.5096654891967773
30000   0.12866973876953125   2.8221747875213623   3.5828733444213867
31000   0.13552212715148926   2.9082133769989014   3.694953441619873
32000   0.13738465309143066   3.009305715560913   3.902728319168091
33000   0.14819908142089844   3.1157774925231934   4.0284247398376465
34000   0.1536388397216797   3.2288880348205566   4.11429238319397
35000   0.16114425659179688   3.5723984241485596   4.300758361816406
36000   0.1672208309173584   3.4194495677948   4.403969049453735
37000   0.17184734344482422   3.5253000259399414   4.485896348953247
38000   0.17880773544311523   3.6486425399780273   4.61617636680603
39000   0.18572664260864258   3.6613564491271973   4.727425813674927
40000   0.19264888763427734   3.7701256275177   4.870631456375122
41000   0.19786953926086426   3.8573176860809326   4.977498292922974
42000   0.20262932777404785   3.975159168243408   5.362550973892212
43000   0.21142792701721191   4.06960391998291   5.232750654220581
44000   0.2189314365386963   4.170402765274048   5.362627267837524
45000   0.22517037391662598   4.267103910446167   5.496551513671875
46000   0.23216557502746582   4.388131380081177   5.572715520858765
47000   0.2393033504486084   4.505762577056885   5.683726787567139
48000   0.24650192260742188   4.7726500034332275   5.845663070678711
49000   0.2543303966522217   4.656398296356201   5.9930524826049805
50000   0.2616424560546875   4.7767333984375   6.072237968444824
51000   0.26567625999450684   4.894503355026245   6.269331455230713
52000   0.2717926502227783   4.957867383956909   6.38355827331543
53000   0.27456212043762207   5.344829082489014   6.5039896965026855
54000   0.28093886375427246   5.17871356010437   6.639925241470337
55000   0.28841328620910645   5.29977560043335   6.757952690124512
56000   0.29094815254211426   5.407333612442017   6.814464807510376
57000   0.30051708221435547   5.445801019668579   7.007082223892212
58000   0.30610013008117676   5.5961854457855225   7.3805015087127686
59000   0.315126895904541   5.694132566452026   7.261096477508545
60000   0.3211343288421631   5.783044815063477   7.325349807739258
61000   0.3278346061706543   5.8913960456848145   7.532327175140381
62000   0.3341856002807617   5.9802045822143555   7.855026483535767
63000   0.3393087387084961   6.0977582931518555   7.787989377975464
64000   0.3455944061279297   6.199622631072998   7.9179160594940186
65000   0.3524341583251953   6.296149730682373   8.062840223312378
66000   0.3694887161254883   6.669090270996094   8.167306900024414
67000   0.3789701461791992   6.555493593215942   8.340631008148193
68000   0.38403868675231934   6.654198169708252   8.485061883926392
69000   0.3921973705291748   6.7648115158081055   8.603662729263306
70000   0.4021792411804199   6.847970247268677   8.967512369155884
71000   0.41525983810424805   6.958787202835083   8.844047546386719
72000   0.41545915603637695   7.055221319198608   8.986872911453247
73000   0.4243450164794922   7.151220321655273   9.332053184509277
74000   0.42757248878479004   7.244401693344116   9.214457511901855
75000   0.43613457679748535   7.345555067062378   9.352466583251953
76000   0.4449014663696289   7.476180076599121   9.787856578826904
77000   0.45421457290649414   7.511598825454712   9.486319065093994
78000   0.4623749256134033   7.562774896621704   9.6490318775177
79000   0.46860837936401367   7.6797919273376465   10.02459454536438
80000   0.47599029541015625   7.764452695846558   9.901010751724243
81000   0.4825735092163086   7.872613430023193   10.019670009613037
82000   0.49007272720336914   7.978212118148804   10.15939474105835
83000   0.4953579902648926   8.321593046188354   10.288119077682495
84000   0.5056049823760986   8.16189455986023   10.392094850540161
85000   0.5125401020050049   8.293565273284912   10.805148839950562
86000   0.5246038436889648   8.408480167388916   10.67776870727539
87000   0.5289425849914551   8.49200987815857   10.791696071624756
88000   0.661395788192749   8.58371376991272   10.916393280029297
89000   0.551976203918457   8.701615810394287   11.101661205291748
90000   0.5589306354522705   8.800465822219849   11.164661407470703
91000   0.5632057189941406   9.149784326553345   11.329045534133911
92000   0.5762653350830078   9.019759893417358   11.51731276512146
93000   0.5958404541015625   9.148270606994629   11.600129127502441
94000   0.592059850692749   9.469161748886108   11.698444128036499
95000   0.6019957065582275   9.390641212463379   11.881720542907715
96000   0.6101040840148926   9.640182971954346   11.94410490989685
97000   0.6197507381439209   9.532177209854126   12.080556154251099
98000   0.6327741146087646   9.82427191734314   12.266266822814941
99000   0.637981653213501   9.711480617523193   12.342657804489136
100000   0.6474335193634033   9.8482985496521   12.723743438720703
105000   0.6787266731262207   10.358931064605713   13.27449345588684
110000   0.7107830047607422   10.918980836868286   13.785984516143799
115000   0.7566554546356201   11.698955774307251   14.46124815940857
120000   0.797490119934082   11.904106378555298   15.219886302947998
125000   0.9507129192352295   12.4282546043396   15.795850038528442
130000   0.8798692226409912   12.974453449249268   16.794445753097534
135000   0.9410395622253418   13.592056512832642   17.53927493095398
140000   0.991058349609375   14.129127979278564   17.93197512626648
145000   1.0296077728271484   14.6673903465271   18.861083984375
150000   1.0800282955169678   15.147390842437744   19.27252435684204
155000   1.1287412643432617   15.763152599334717   19.63352084159851
160000   1.1721560955047607   16.027716636657715   20.556082248687744
165000   1.2189199924468994   16.58416485786438   21.303833484649658
170000   1.2759392261505127   17.15569519996643   21.722132921218872
175000   1.3353822231292725   17.870832443237305   22.364327907562256
180000   1.3864545822143555   18.210308074951172   23.251099348068237
185000   1.433706521987915   18.829821348190308   23.752455949783325
190000   1.4919304847717285   19.585497617721558   24.50205636024475
195000   1.5490336418151855   19.923397541046143   25.044811248779297
200000   1.5971205234527588   20.510318279266357   25.646012783050537
205000   1.7244563102722168   20.91508150100708   26.406174898147583
210000   1.687992811203003   21.633888959884644   27.132885694503784
215000   1.7335517406463623   22.04469656944275   27.834219455718994
220000   1.7291595935821533   22.759770154953003   28.485310792922974
225000   1.791421890258789   23.32340407371521   29.10173535346985
230000   1.8423609733581543   23.84780192375183   30.200034379959106
235000   1.9071083068847656   24.128864765167236   30.78231644630432
240000   1.9321284294128418   24.6097731590271   31.48917269706726
245000   1.9839873313903809   25.11633563041687   31.974108695983887
250000   2.029728412628174   25.93038320541382   32.52693581581116
255000   2.0737578868865967   26.504430532455444   33.512089252471924
260000   2.1318507194519043   26.754294395446777   34.30513119697571
265000   2.236423969268799   27.74906086921692   34.976783752441406
270000   2.3121275901794434   28.3045015335083   35.65361142158508
275000   2.374616861343384   28.959290504455566   36.075042724609375
280000   2.443248987197876   29.466994762420654   37.06345796585083
285000   2.4836502075195312   29.859457969665527   37.96317768096924
290000   2.53937029838562   30.80150866508484   38.32083439826965
295000   2.5623128414154053   30.893527269363403   39.02879452705383
300000   2.600741386413574   31.60532569885254   39.66490077972412
305000   2.670220375061035   32.25138187408447   40.405556440353394
310000   2.7639801502227783   32.224934339523315   40.83730435371399
315000   2.8038651943206787   32.80277061462402   41.4711651802063
320000   2.856266975402832   33.20586347579956   42.00047945976257
325000   2.910954236984253   34.00354552268982   42.7079803943634
330000   2.9686262607574463   34.63823938369751   43.687588691711426
335000   3.0365593433380127   34.969975233078   44.0915687084198
340000   3.070308208465576   35.754934310913086   44.87395930290222
345000   3.1826252937316895   36.265249729156494   45.79965281486511
350000   3.229783535003662   36.856038093566895   46.435704946517944
355000   3.2753796577453613   37.396074533462524   46.8569233417511
360000   3.338801860809326   38.0140917301178   47.93289875984192
365000   3.389854907989502   38.70417499542236   48.2671332359314
370000   3.465780019760132   39.29752445220947   49.10011410713196
375000   3.4908697605133057   39.39337635040283   49.703832387924194
380000   3.6761529445648193   40.301541328430176   50.57957124710083
385000   3.6101415157318115   40.5370397567749   51.156580209732056
390000   3.672128438949585   41.039180278778076   51.87547278404236
395000   3.7423436641693115   41.81957173347473   52.40775918960571
400000   3.796046733856201   42.166473150253296   53.08301067352295
405000   3.8767290115356445   42.619571924209595   54.26962113380432
410000   3.9518449306488037   43.464179277420044   54.65142631530762
415000   4.225550889968872   44.46288800239563   55.33181190490723
420000   4.079235076904297   44.82677507400513   56.342047929763794
425000   4.146962881088257   45.32955050468445   56.57944416999817
430000   4.321403741836548   45.914618730545044   57.54878330230713
435000   4.245120286941528   46.544273376464844   58.231279373168945
440000   4.2107908725738525   46.57559084892273   58.10299205780029
445000   4.248371124267578   47.0849883556366   59.112656116485596
450000   4.321913719177246   47.62797808647156   59.81792736053467
455000   4.389492750167847   48.12966513633728   60.86098074913025
460000   4.515809059143066   48.82292199134827   60.93469953536987
465000   4.528387069702148   49.181132555007935   61.6366491317749
470000   4.571371793746948   49.712013244628906   62.6693639755249
475000   4.643171310424805   50.14715218544006   63.22062301635742
480000   4.698818206787109   50.68096852302551   63.99429893493652
485000   4.73912501335144   51.52035713195801   64.47359132766724
490000   4.780677080154419   51.70748257637024   65.36186671257019
495000   4.813938617706299   52.41220045089722   65.90342020988464
500000   4.901523113250732   53.618714332580566   67.38205313682556
505000   4.954576730728149   53.70336055755615   67.7663140296936
510000   4.986854314804077   54.36619567871094   68.33536195755005
515000   5.0669214725494385   54.7127525806427   68.99183392524719
520000   5.14626669883728   55.38573241233826   69.71109175682068
525000   5.373501539230347   56.873043060302734   70.62135004997253
530000   5.634576082229614   57.10681486129761   71.242360830307
535000   5.569962501525879   57.20260763168335   72.64539170265198
540000   5.633626461029053   57.88567614555359   72.87805104255676
545000   5.616096496582031   58.933146238327026   73.55052971839905
550000   5.684131860733032   59.28404235839844   74.06663703918457
555000   5.792074680328369   59.70220923423767   74.87760066986084
560000   5.880687475204468   60.60705876350403   75.64136004447937
565000   6.075302600860596   61.17115235328674   76.72812819480896
570000   6.029430627822876   61.765432834625244   77.27260112762451
575000   6.052323818206787   62.045384645462036   77.56271266937256
580000   6.128276109695435   62.987852573394775   78.35946679115295
585000   6.219533681869507   63.19674777984619   79.0503261089325
590000   6.2808837890625   63.56020498275757   79.49619102478027
595000   6.340604305267334   64.3827772140503   79.81275749206543
600000   6.267951250076294   64.83427858352661   81.04136228561401
605000   6.377457618713379   65.3754997253418   82.18012237548828
610000   6.408111333847046   65.75291728973389   82.17928981781006
615000   6.655205011367798   66.10817050933838   82.4743664264679
620000   6.663959503173828   66.63475322723389   82.84641075134277
625000   6.685875177383423   66.90268993377686   83.69470572471619
630000   6.783931732177734   67.7961847782135   85.15570974349976
635000   6.880250453948975   68.69568252563477   84.70617914199829
640000   6.877206802368164   68.34992599487305   85.77665138244629
645000   7.084084987640381   69.10675358772278   86.3874945640564
650000   6.984789848327637   69.68563842773438   87.23441672325134
655000   7.03196120262146   70.35825395584106   88.06091141700745
660000   7.095850229263306   71.40299987792969   88.48974108695984
665000   7.164306163787842   71.72518825531006   89.31927847862244
670000   7.267919063568115   72.85086178779602   90.27074813842773
675000   7.309890508651733   72.95167064666748   91.32442259788513
680000   7.330648422241211   73.40629172325134   92.02810788154602
685000   7.552223443984985   74.17387008666992   92.778165102005
690000   7.630037784576416   74.21429824829102   92.99070262908936
695000   7.567726135253906   75.10492372512817   93.86111950874329
700000   7.740154266357422   75.86976790428162   94.72987008094788
705000   7.82707142829895   76.48400616645813   94.97148871421814
710000   8.304653882980347   76.59572839736938   96.15954208374023
715000   7.958545923233032   77.9215178489685   96.36307501792908
720000   8.047142028808594   78.22218108177185   97.1755793094635
725000   8.172608137130737   79.01300764083862   98.15229678153992
730000   8.136920690536499   79.41586947441101   98.56824469566345
735000   8.294384002685547   79.64371132850647   99.66638779640198
740000   8.352595806121826   80.23077273368835   100.31063628196716
745000   8.351896047592163   80.78814744949341   101.0111153125763
750000   8.339550495147705   81.33931565284729   101.69632625579834
755000   8.43587851524353   81.8645396232605   102.22420620918274
760000   8.504867553710938   82.74265599250793   103.25470995903015
765000   8.540144443511963   83.44591879844666   103.86495423316956
770000   8.60801362991333   83.19033026695251   104.02820205688477
775000   8.6192946434021   83.76332020759583   105.06532216072083
780000   8.68995475769043   84.41199350357056   105.16069889068604
785000   8.87445592880249   84.55402565002441   106.15954899787903
790000   8.872824430465698   85.42154288291931   106.97686553001404
795000   8.908608436584473   85.8910539150238   106.66418981552124
800000   9.095832824707031   86.48715400695801   108.44619274139404
805000   9.064363956451416   87.25014734268188   108.55468559265137
810000   9.26483964920044   87.3176999092102   109.45174741744995
815000   9.34827470779419   88.64551448822021   111.47319340705872
820000   9.463200569152832   89.53451037406921   111.33128547668457
825000   10.00990605354309   89.96584129333496   112.48932933807373
830000   9.757604598999023   91.1350965499878   113.59920454025269
835000   9.725263357162476   91.42490196228027   113.85009050369263
840000   10.016884326934814   93.03001737594604   115.59752297401428
845000   10.056590557098389   93.00532007217407   116.5832588672638
850000   10.01414155960083   94.18328738212585   116.28688883781433
855000   10.23238730430603   94.06242394447327   117.31738924980164
860000   10.177033424377441   94.7110207080841   117.56514739990234
865000   10.164887189865112   95.3627541065216   118.49570608139038
870000   10.276757001876831   96.26236820220947   119.28262639045715
875000   10.142211198806763   96.49637699127197   120.44164633750916
880000   10.089965581893921   97.12004017829895   120.4439468383789
885000   10.115045547485352   97.39966154098511   121.1703028678894
890000   10.297673463821411   97.76890516281128   121.85690307617188
895000   10.328654527664185   98.49728798866272   122.2886290550232
900000   10.397603034973145   99.50799489021301   123.36865758895874
905000   10.51170825958252   99.83602571487427   124.47621059417725
910000   10.556297063827515   100.20675086975098   125.11710929870605
915000   10.66171407699585   100.82628417015076   125.53188228607178
920000   10.879549026489258   101.52885413169861   126.59988760948181
925000   10.923303604125977   102.47837543487549   127.48004531860352
930000   10.947068214416504   102.83950090408325   127.48649477958679
935000   10.967175245285034   103.29600119590759   128.49309659004211
940000   11.028345823287964   103.36101531982422   129.25202989578247
945000   11.1676344871521   104.21232509613037   129.96080112457275
950000   11.231379747390747   104.92865800857544   130.48980402946472
955000   11.24658203125   105.75032329559326   130.95281553268433
960000   11.331815958023071   106.13268852233887   132.448637008667
965000   11.929718255996704   107.04241514205933   132.32135796546936
970000   11.424965381622314   106.98325157165527   133.22612357139587
975000   11.665028810501099   107.31974124908447   134.4003405570984
980000   11.498596668243408   108.51440572738647   135.17683839797974
985000   11.510488748550415   108.63950490951538   135.05693411827087
990000   11.538427352905273   109.59071373939514   136.38811016082764
995000   11.593965530395508   109.87486004829407   137.06421184539795
1000000   11.854560136795044   111.5921573638916   137.73950099945068
1025000   12.22793436050415   113.27321767807007   141.38334488868713
1050000   12.886926889419556   117.27379703521729   145.9612033367157
1075000   13.035333633422852   120.40318870544434   149.70783138275146
1100000   13.756937265396118   123.23586463928223   153.87702298164368
1125000   14.187997102737427   126.02567434310913   156.88370013237
1150000   14.457823276519775   129.11590433120728   160.42472767829895
1175000   14.858917713165283   131.70282173156738   163.99191784858704
1200000   14.8958261013031   134.8386402130127   167.1303255558014
1225000   15.701539993286133   137.4831600189209   171.37097263336182
1250000   16.26184630393982   139.67613911628723   173.5060031414032
1275000   16.44345259666443   142.22088098526   176.14095044136047
1300000   16.63467001914978   145.11637568473816   179.38235712051392
1325000   16.93987250328064   148.9192898273468   184.18243646621704
1350000   17.44273853302002   152.5019280910492   188.44387078285217
1375000   18.00344157218933   155.15945529937744   191.7074236869812
1400000   18.42047667503357   157.49123191833496   194.52599573135376
1425000   18.761594772338867   160.84648370742798   197.84643936157227
1450000   19.59770703315735   164.06137442588806   202.42995285987854
1475000   19.49372172355652   166.20689415931702   205.8382430076599
1500000   19.594143867492676   169.48877358436584   209.2841353416443
1525000   20.10751986503601   173.27821254730225   213.75352144241333
1550000   20.3841769695282   174.4998300075531   215.87736654281616
1575000   20.727896690368652   177.27497339248657   219.61973547935486
1600000   21.055382013320923   180.0790457725525   222.9168562889099
1625000   21.651537895202637   183.39118647575378   227.25623536109924
1650000   22.896524906158447   187.62286472320557   231.82679963111877
1675000   23.415913581848145   191.72009110450745   236.74117422103882
1700000   23.855057954788208   194.42431616783142   240.14633655548096
1725000   24.12894582748413   197.2657027244568   243.55175852775574
1750000   24.333706378936768   201.55738186836243   247.08881306648254
1775000   24.019679069519043   203.80960607528687   250.65406918525696
1800000   24.72067952156067   206.42015099525452   254.8433482646942
1825000   25.29480290412903   208.69765043258667   258.150963306427
1850000   26.09622883796692   212.58189272880554   262.24707865715027
1875000   26.045464992523193   215.25942158699036   264.52984166145325
1900000   26.763571977615356   217.37735962867737   268.6109926700592
1925000   27.548489570617676   220.578031539917   272.48581075668335
1950000   27.17943835258484   222.73410081863403   274.9002196788788
1975000   27.199145555496216   226.33527183532715   278.97005796432495
2000000   27.566976070404053   230.1792769432068   283.8139736652374
2025000   27.73490810394287   233.36209225654602   286.90751552581787
2050000   29.193018913269043   236.13199973106384   291.8078806400299
2075000   29.13576102256775   239.1065390110016   296.40590023994446
2100000   30.58310103416443   245.07705187797546   301.98192024230957
2125000   30.31635069847107   246.38401627540588   304.2212312221527
2150000   30.62823247909546   251.2030212879181   309.9150402545929
2175000   31.557422637939453   253.33839559555054   314.0403127670288
2200000   31.840815544128418   257.5585906505585   317.16668820381165
2225000   33.07456707954407   260.56509160995483   320.1518669128418
2250000   33.43423652648926   263.84387969970703   324.5611891746521
2275000   34.29536819458008   269.1783709526062   330.25461077690125
2300000   34.10873198509216   270.9615435600281   333.9473440647125
2325000   34.465749979019165   274.7136285305023   337.7160270214081
2350000   34.85290336608887   276.25915145874023   338.2356882095337
2375000   34.48716497421265   278.39025688171387   342.188113451004
2400000   35.164013624191284   280.35753440856934   345.6509554386139
2425000   36.02144694328308   287.0141954421997   351.75695157051086
2450000   36.48695969581604   289.0748076438904   354.9492223262787
2475000   38.03594994544983   289.7544937133789   354.5390000343323
2500000   38.144590616226196   292.7025396823883   358.2933633327484
2525000   38.86704134941101   296.62635564804077   363.29987239837646
2550000   39.10602283477783   299.5804274082184   366.057501077652
2575000   39.12133550643921   302.04459404945374   370.3590350151062
2600000   39.17995834350586   303.79723286628723   373.32997727394104
2625000   39.4812376499176   306.80258202552795   377.57603120803833
2650000   39.67043733596802   312.6667733192444   381.8230290412903
2675000   40.47264361381531   316.5914194583893   387.4462490081787
2700000   41.2538115978241   318.8202226161957   390.96022725105286
2725000   41.10377073287964   321.458621263504   392.70540022850037
2750000   42.28207206726074   324.93806552886963   397.4337315559387
2775000   42.83868098258972   328.83343744277954   401.2622332572937
2800000   43.1975679397583   330.5321509838104   403.0492367744446
2825000   43.20092439651489   331.81594014167786   405.7203269004822
2850000   44.2807035446167   335.18453788757324   409.63999485969543
2875000   44.748788833618164   339.6365337371826   415.07510781288147
2900000   46.3640239238739   342.8751804828644   419.57625818252563
2925000   45.21383094787598   345.37752389907837   422.21467185020447
2950000   45.94357347488403   349.1931838989258   426.4577097892761
2975000   46.0973687171936   352.07377648353577   430.2691557407379
3000000   45.91982650756836   354.57597184181213   434.8085153102875
3025000   46.35160231590271   360.09623312950134   440.0848171710968
3050000   46.72964310646057   364.68807673454285   444.38498997688293
3075000   47.172404766082764   363.83490920066833   445.6490423679352
3100000   47.19222140312195   365.97746109962463   447.37093687057495
3125000   47.656498670578   369.7320747375488   452.5446517467499
3150000   48.33380651473999   373.6298909187317   457.4955394268036
3175000   48.930338859558105   375.84264397621155   460.57795429229736
3200000   48.8096399307251   379.4579062461853   463.4024910926819
3225000   49.47222280502319   384.1077699661255   468.99447798728943
3250000   50.12892937660217   385.2021310329437   473.24049043655396
3275000   52.5665237903595   392.4885022640228   479.2949788570404
3300000   53.57534909248352   395.35367250442505   483.1255729198456
3325000   55.14954590797424   400.12704062461853   491.32025718688965
3350000   55.46978044509888   403.98564553260803   491.53933596611023
Terminated
